1;LINESTRING(133.15640989468218 35.459011569527256, 132.99581232754005 35.57821065269497);
2;LINESTRING(134.433185435362 35.48546704670608, 134.23403678686023 35.46703295329391);
3;LINESTRING(134.16355144651126 35.33074285158553, 134.02144855348874 35.47147937063668);
4;LINESTRING(134.0652302616899 35.02739065866767, 134.03699196053228 35.225387119110096);
5;LINESTRING(134.58889856830402 35.03674915438289, 134.3966569872516 34.98158417895044);
6;LINESTRING(134.97446190617438 34.88689782732747, 134.7783158716034 34.847824394894744);
7;LINESTRING(135.0382286416368 34.72438234577395, 134.84566024725206 34.77839543200383);
8;LINESTRING(133.22652777777776 34.55902777777781, 133.02652777777777 34.55902777777775);
9;LINESTRING(133.11719045994442 34.71609090343745, 132.9172539845 34.721131318784785);
10;LINESTRING(130.57391379543677 34.51817166624424, 130.38025287122989 34.46821722264464);
11;LINESTRING(130.9927307732316 34.23101758824153, 130.7944914489906 34.204537967314025);
12;LINESTRING(131.22511942512318 33.99613469993417, 131.02682501932128 34.022198633399164);
13;LINESTRING(132.5183332982025 34.40216715560064, 132.3183333684642 34.40199951106604);
14;LINESTRING(132.4475417562958 34.415731842002714, 132.25301379925972 34.36926815799728);
15;LINESTRING(132.15567725951013 34.12364426743293, 131.9632116293788 34.17802239923373);
16;LINESTRING(131.60114705355141 33.84590161582054, 131.4024640575597 33.82298727306835);
17;LINESTRING(131.54307443056285 33.8397589037754, 131.343314458326 33.82996331844682);
18;LINESTRING(132.40699214771388 34.02416207118574, 132.21023007450833 34.06000459548093);
19;LINESTRING(132.37220822085735 34.20679738664373, 132.17779177914267 34.159869280022946);
20;LINESTRING(131.37221776360852 33.741847739489366, 131.21278223639152 33.86259670495509);
21;LINESTRING(132.08276339264677 34.5943445226155, 131.885014385131 34.624266588495615);
22;LINESTRING(131.70883430896453 34.30406471078672, 131.5106101354799 34.330657511435504);
23;LINESTRING(131.73248725908397 34.26250713684775, 131.53723496313822 34.305826196485576);
24;LINESTRING(131.4494989778 34.04587439034659, 131.25355657775557 34.00579227632007);
25;LINESTRING(132.35821108023532 34.56045379159109, 132.1606778086536 34.591768430631134);
26;LINESTRING(131.03313493060918 34.33578582976245, 130.85297618050194 34.24893639245976);
27;LINESTRING(131.62168915611127 34.492710685506665, 131.42858862166648 34.54478931449333);
28;LINESTRING(131.94155545013237 34.09766819269431, 131.7431667720899 34.07233180730568);
29;LINESTRING(132.80130073499035 34.3466353566064, 132.60147704278742 34.35503131006027);
30;LINESTRING(130.97170537195285 33.87417560341673, 130.79662796138047 33.77749106324994);
31;LINESTRING(130.82031753954587 33.88254718147407, 130.73051579378748 33.70384170741481);
32;LINESTRING(130.374948011434 34.0467758705989, 130.17505198856603 34.053224129401094);
33;LINESTRING(130.63296799823752 33.749793219198686, 130.43369866842914 33.76687344746798);
34;LINESTRING(130.86791126429245 33.48520611154844, 130.6679220690409 33.48312722178489);
35;LINESTRING(130.92513734571475 33.377916658093476, 130.72514043206303 33.37680556412875);
36;LINESTRING(130.62118047037134 33.52024919554311, 130.43076397407307 33.58141747112355);
37;LINESTRING(130.2889472881352 33.75649538606393, 130.09438604519812 33.71017128060274);
38;LINESTRING(130.52465457582448 33.56663788131872, 130.32534542417554 33.550028785347955);
39;LINESTRING(130.47255784819816 33.484718008647604, 130.2785532629129 33.436115324685716);
40;LINESTRING(130.79149410398415 33.31420553552849, 130.59183922934918 33.30246113113819);
41;LINESTRING(130.4017613348099 33.31774070223005, 130.20240533185674 33.30170374221439);
42;LINESTRING(131.84139344211235 33.34072050188487, 131.641939891221 33.325946164781804);
43;LINESTRING(131.42499999999998 33.333333333333336, 131.225 33.333333333333336);
44;LINESTRING(131.67347835588177 33.257621466609095, 131.4765216441182 33.2923785333909);
45;LINESTRING(131.46666666666667 33.25, 131.26666666666668 33.25);
46;LINESTRING(131.24999999999997 33.233333333333334, 131.04999999999998 33.233333333333334);
47;LINESTRING(131.26625598731343 33.174279758729085, 131.0670773460199 33.19238690793759);
48;LINESTRING(130.31651270198722 32.76388033529558, 130.11682063134612 32.752786331371084);
49;LINESTRING(130.55118100242186 32.69619426569794, 130.36548566424477 32.77047240096873);
50;LINESTRING(130.21654190055446 32.71332709502772, 130.0167914327789 32.70333957163895);
51;LINESTRING(130.09778024140775 32.66261957553975, 129.90221975859225 32.62071375779358);
52;LINESTRING(130.9970142500145 32.79241310416303, 130.80298574998545 32.840920229170294);
53;LINESTRING(130.81603664774624 32.766380294430114, 130.63396335225374 32.683619705569875);
54;LINESTRING(130.59895164733285 32.700621879866446, 130.4177150193338 32.61604478680022);
55;LINESTRING(130.86203892484846 32.553354832989335, 130.7046277418182 32.429978500344);
56;LINESTRING(130.7166207845812 32.494695579330745, 130.51671254875214 32.48863775400259);
57;LINESTRING(130.4492876838487 32.263085477938155, 130.2507123161513 32.28691452206184);
58;LINESTRING(131.0631634434578 32.662280138247276, 130.8715587787644 32.60494208397494);
59;LINESTRING(130.98637789008984 32.25872043588574, 130.81362210991017 32.157946230780915);
60;LINESTRING(130.43726855507097 32.136394061351496, 130.27939811159573 32.01360593864851);
61;LINESTRING(130.08296519211856 32.000094745476616, 129.885090363437 31.971016365634497);
62;LINESTRING(130.37575091183172 31.734868871928942, 130.1764713103905 31.717908905848834);
63;LINESTRING(130.08632050376312 31.68973760038438, 129.9656239406813 31.53026239961562);
64;LINESTRING(130.2894151228908 31.636863639262668, 130.14697376599813 31.496469694070665);
